                -------- PARAMETRES --------

path_mire_orig: mire_315a.png
nrows: 512
ncols: 512
virtual_focal: 75
virtual_focal_dist: 333.6256954473487
t_x: 0.0
t_y: 0.0
t_z: 125.0
r_x: 10.0
r_y: 0.0
r_z: 20.0
bool_rxy: False
sens_rxy: None
sc_x: 1
sc_y: 1
sc_z: 1
inter_contours: 10
limit_area: 25
mask: [([38, 179, 38], [38, 179, 38]), ([0, 0, 255], [201, 201, 255]), ([0, 0, 0], [170, 170, 170])]
threshold: [100, 76, 30]
show_data: [False, False, False, False, False, False, False, False]
save_data: [True, False, True, False, False, False, False, False, False]



                -------- DONNEES GENEREES --------

center_tab: [(415, 479, 0), (191, 479, 0), (63, 479, 0), (479, 447, 0), (447, 447, 0), (351, 447, 0), (287, 447, 0), (95, 447, 0), (415, 415, 0), (287, 415, 0), (255, 415, 0), (223, 415, 0), (127, 415, 0), (63, 415, 0), (31, 415, 0), (95, 383, 0), (447, 351, 0), (319, 351, 0), (159, 351, 0), (127, 351, 0), (479, 319, 0), (287, 319, 0), (415, 287, 0), (319, 287, 0), (287, 287, 0), (223, 287, 0), (127, 287, 0), (95, 287, 0), (415, 255, 0), (351, 255, 0), (191, 255, 0), (95, 255, 0), (63, 255, 0), (479, 223, 0), (383, 223, 0), (159, 223, 0), (31, 223, 0), (479, 191, 0), (415, 191, 0), (383, 191, 0), (287, 191, 0), (223, 191, 0), (159, 191, 0), (31, 191, 0), (447, 159, 0), (287, 159, 0), (223, 159, 0), (447, 127, 0), (351, 127, 0), (319, 127, 0), (287, 127, 0), (383, 95, 0), (255, 95, 0), (223, 95, 0), (191, 95, 0), (127, 95, 0), (95, 95, 0), (31, 95, 0), (351, 63, 0), (223, 63, 0), (95, 63, 0), (63, 63, 0), (447, 31, 0), (415, 31, 0), (255, 31, 0), (127, 31, 0), (383, 479, 1), (319, 479, 1), (287, 479, 1), (223, 479, 1), (159, 479, 1), (415, 447, 1), (319, 447, 1), (255, 447, 1), (223, 447, 1), (159, 447, 1), (127, 447, 1), (63, 447, 1), (383, 415, 1), (351, 415, 1), (159, 415, 1), (95, 415, 1), (479, 383, 1), (415, 383, 1), (383, 383, 1), (351, 383, 1), (255, 383, 1), (191, 383, 1), (127, 383, 1), (479, 351, 1), (383, 351, 1), (223, 351, 1), (191, 351, 1), (31, 351, 1), (415, 319, 1), (255, 319, 1), (191, 319, 1), (159, 319, 1), (127, 319, 1), (479, 287, 1), (383, 287, 1), (159, 287, 1), (63, 287, 1), (479, 255, 1), (447, 255, 1), (383, 255, 1), (287, 255, 1), (255, 255, 1), (223, 255, 1), (159, 255, 1), (31, 255, 1), (447, 223, 1), (415, 223, 1), (351, 223, 1), (255, 223, 1), (127, 223, 1), (95, 223, 1), (447, 191, 1), (319, 191, 1), (255, 191, 1), (191, 191, 1), (63, 191, 1), (415, 159, 1), (351, 159, 1), (319, 159, 1), (191, 159, 1), (127, 159, 1), (63, 159, 1), (31, 159, 1), (415, 127, 1), (223, 127, 1), (95, 127, 1), (31, 127, 1), (479, 95, 1), (159, 95, 1), (63, 95, 1), (479, 63, 1), (383, 63, 1), (287, 63, 1), (255, 63, 1), (191, 63, 1), (159, 63, 1), (127, 63, 1), (479, 31, 1), (351, 31, 1), (223, 31, 1), (159, 31, 1), (31, 31, 1), (479, 479, 2), (447, 479, 2), (351, 479, 2), (255, 479, 2), (127, 479, 2), (95, 479, 2), (31, 479, 2), (383, 447, 2), (191, 447, 2), (31, 447, 2), (479, 415, 2), (447, 415, 2), (319, 415, 2), (191, 415, 2), (447, 383, 2), (319, 383, 2), (287, 383, 2), (223, 383, 2), (159, 383, 2), (63, 383, 2), (31, 383, 2), (415, 351, 2), (351, 351, 2), (287, 351, 2), (255, 351, 2), (95, 351, 2), (63, 351, 2), (447, 319, 2), (383, 319, 2), (351, 319, 2), (319, 319, 2), (223, 319, 2), (95, 319, 2), (63, 319, 2), (31, 319, 2), (447, 287, 2), (351, 287, 2), (255, 287, 2), (191, 287, 2), (31, 287, 2), (319, 255, 2), (127, 255, 2), (319, 223, 2), (287, 223, 2), (223, 223, 2), (191, 223, 2), (63, 223, 2), (351, 191, 2), (127, 191, 2), (95, 191, 2), (479, 159, 2), (383, 159, 2), (255, 159, 2), (159, 159, 2), (95, 159, 2), (479, 127, 2), (383, 127, 2), (255, 127, 2), (191, 127, 2), (159, 127, 2), (127, 127, 2), (63, 127, 2), (447, 95, 2), (415, 95, 2), (351, 95, 2), (319, 95, 2), (287, 95, 2), (447, 63, 2), (415, 63, 2), (319, 63, 2), (31, 63, 2), (383, 31, 2), (319, 31, 2), (287, 31, 2), (191, 31, 2), (95, 31, 2), (63, 31, 2)]
angle_tab: [20.556045532226562, 20.556045532226562, 18.434947967529297, 18.434947967529297, 18.434947967529297, 21.801410675048828, 18.434947967529297, 18.434947967529297, 18.434947967529297, 18.434947967529297, 20.556045532226562, 21.801406860351562, 20.556047439575195, 18.434947967529297, 20.556045532226562, 18.434947967529297, 20.556045532226562, 20.556045532226562, 21.801406860351562, 20.556045532226562, 20.556045532226562, 21.801410675048828, 18.434947967529297, 21.801406860351562, 20.556047439575195, 18.434947967529297, 21.801410675048828, 20.556047439575195, 18.434947967529297, 18.434947967529297, 21.801410675048828, 20.556047439575195, 21.801410675048828, 20.556045532226562, 18.434947967529297, 21.801410675048828, 21.801410675048828, 19.983104705810547, 21.801410675048828, 20.556047439575195, 20.556047439575195, 20.556045532226562, 19.983104705810547, 20.556045532226562, 18.434947967529297, 20.556045532226562, 18.434947967529297, 20.556045532226562, 21.801406860351562, 18.434947967529297, 18.434947967529297, 21.801406860351562, 18.434947967529297, 18.434947967529297, 20.556045532226562, 18.434947967529297, 20.556045532226562, 20.556045532226562, 18.434947967529297, 18.434947967529297, 21.801410675048828, 18.434947967529297, 19.983104705810547, 19.98310661315918, 20.556045532226562, 19.98310661315918, 19.98310661315918, 21.801406860351562, 21.801406860351562, 18.43494987487793, 18.434947967529297, 18.43494987487793, 20.556047439575195, 19.983104705810547, 18.434947967529297, 20.556047439575195, 20.556047439575195, 20.556047439575195, 18.434947967529297, 21.801406860351562, 19.98310661315918, 18.43494987487793]
t: [[0.9396926164627075, -0.33682408928871155, 0.05939117446541786, 0.0], [0.3420201539993286, 0.9254165887832642, -0.16317591071128845, 0.0], [0.0, 0.1736481785774231, 0.9848077297210693, 458.6257019042969], [0.0, 0.0, 0.0, 1.0]]
H: [[313.505615234375, -67.91924285888672, 54538.0703125], [114.1067123413086, 353.19671630859375, -2221.5], [0.0, 0.1736481785774231, 414.1717529296875]]
