-------- ENCODAGE MIRE ORIGINALE --------
-------- ((x,y),(codage_voisin_0_degree),(codage_voisin_90_degree),(codage_voisin_180_degree),(codage_voisin_270_degree)) --------

(415, 479), 02NNN1210, 0NN12102N, 012102NNN, 0102NNN12
(191, 479), 01NNN1121, 0NN11211N, 011211NNN, 0211NNN11
(63, 479), 02NNN2210, 0NN22102N, 022102NNN, 0102NNN22
(479, 447), 0NN22022N, 022022NNN, 0022NNN22, 02NNN2202
(447, 447), 002201022, 020102202, 010220220, 022022010
(351, 447), 021211211, 021121121, 012112121, 011212112
(287, 447), 011121002, 012100211, 010021112, 002111210
(95, 447), 012201010, 020101012, 010101220, 010122010
(415, 415), 020121112, 012111220, 011122012, 012201211
(287, 415), 021010122, 001012221, 001222101, 022210101
(255, 415), 000110212, 011021200, 002120011, 012001102
(223, 415), 001122121, 012212101, 021210112, 021011221
(127, 415), 011101012, 010101211, 010121110, 012111010
(63, 415), 010120220, 012022010, 002201012, 020101202
(31, 415), 0012NNN22, 02NNN2201, 0NN22012N, 022012NNN
(95, 383), 010102220, 010222010, 022201010, 020101022
(447, 351), 011212120, 021212011, 021201121, 020112121
(319, 351), 021222022, 022202221, 020222122, 022212220
(159, 351), 011210111, 021011111, 001111121, 011112101
(127, 351), 002102211, 010221102, 022110210, 011021022
(479, 319), 0NN10221N, 010221NNN, 0221NNN10, 01NNN1022
(287, 319), 020221200, 022120020, 012002022, 000202212
(415, 287), 022121101, 012110122, 011012212, 001221211
(319, 287), 022200120, 020012022, 001202220, 020222001
(287, 287), 002012112, 001211202, 021120201, 012020121
(223, 287), 021212011, 021201121, 020112121, 011212120
(127, 287), 011120021, 012002111, 000211112, 021111200
(95, 287), 001221002, 022100201, 010020122, 002012210
(415, 255), 012011011, 001101112, 010111201, 011120110
(351, 255), 011202210, 020221011, 022101120, 010112022
(191, 255), 010211022, 021102210, 010221021, 022102110
(95, 255), 020010211, 001021120, 002112001, 011200102
(63, 255), 000121021, 012102100, 010210012, 021001210
(479, 223), 0NN11110N, 011110NNN, 0110NNN11, 00NNN1111
(383, 223), 010101200, 010120010, 012001010, 000101012
(159, 223), 020121201, 012120120, 012012012, 001201212
(31, 223), 0201NNN01, 01NNN0120, 0NN01201N, 001201NNN
(479, 191), 0NN01102N, 001102NNN, 0102NNN01, 02NNN0110
(415, 191), 011100210, 010021011, 002101110, 010111002
(383, 191), 001012121, 001212101, 021210101, 021010121
(287, 191), 012211201, 021120112, 012011221, 001122112
(223, 191), 011221102, 022110211, 011021122, 002112211
(159, 191), 012012121, 001212112, 021211201, 021120121
(31, 191), 0120NNN11, 00NNN1112, 0NN11120N, 011120NNN
(447, 159), 020101102, 010110220, 011022010, 002201011
(287, 159), 011012200, 001220011, 022001101, 000110122
(223, 159), 021011212, 001121221, 012122101, 012210112
(447, 127), 022011221, 001122122, 012212201, 021220112
(351, 127), 022110220, 011022022, 002202211, 020221102
(319, 127), 001100222, 010022201, 002220110, 022011002
(287, 127), 001022022, 002202201, 020220102, 022010220
(383, 95), 021202012, 020201221, 020122120, 012212020
(255, 95), 020210011, 021001120, 000112021, 011202100
(223, 95), 002120101, 012010102, 001010212, 001021201
(191, 95), 001221110, 022111001, 011100122, 010012211
(127, 95), 012210011, 021001112, 000111221, 011122100
(95, 95), 002121001, 012100102, 010010212, 001021210
(31, 95), 0121NNN20, 01NNN2012, 0NN20121N, 020121NNN
(351, 63), 010222212, 022221210, 022121022, 012102222
(223, 63), 010001210, 000121010, 012101000, 010100012
(95, 63), 010010220, 001022010, 002201001, 020100102
(63, 63), 000102122, 010212200, 021220010, 022001021
(447, 31), 011220NNN, 0220NNN11, 00NNN1122, 0NN11220N
(415, 31), 002212NNN, 0212NNN02, 02NNN0221, 0NN02212N
(255, 31), 021101NNN, 0101NNN21, 01NNN2110, 0NN21101N
(127, 31), 011102NNN, 0102NNN11, 02NNN1110, 0NN11102N
(383, 479), 10NNN2021, 1NN20210N, 120210NNN, 1210NNN20
(319, 479), 12NNN1010, 1NN10102N, 110102NNN, 1102NNN10
(287, 479), 11NNN2101, 1NN21011N, 121011NNN, 1011NNN21
(223, 479), 12NNN0211, 1NN02112N, 102112NNN, 1112NNN02
(159, 479), 10NNN2112, 1NN21120N, 121120NNN, 1120NNN21
(415, 447), 102012102, 101210202, 121020201, 102020121
(319, 447), 102110021, 111002102, 100210211, 121021100
(255, 447), 101211000, 121100001, 110000121, 100012110
(223, 447), 112102200, 110220012, 122001210, 100121022
(159, 447), 120121012, 112101220, 110122012, 112201210
(127, 447), 111220101, 122010111, 101011122, 101112201
(63, 447), 102022001, 102200102, 120010202, 101020220
(383, 415), 101201111, 120111101, 111110120, 111012011
(351, 415), 112012211, 101221112, 122111201, 111120122
(159, 415), 122110121, 111012122, 101212211, 121221101
(95, 415), 101010201, 101020101, 102010101, 101010102
(479, 383), 1NN22201N, 122201NNN, 1201NNN22, 11NNN2220
(415, 383), 122011120, 101112022, 111202201, 120220111
(383, 383), 110111212, 111121210, 112121011, 112101112
(351, 383), 111122021, 112202111, 120211112, 121111220
(255, 383), 120002122, 100212220, 121222000, 122200021
(191, 383), 120212011, 121201120, 120112021, 111202120
(127, 383), 121010200, 101020021, 102002101, 100210102
(479, 351), 1NN12020N, 112020NNN, 1020NNN12, 10NNN1202
(383, 351), 121112221, 111222121, 122212111, 121211122
(223, 351), 121211121, 121112121, 111212121, 121212111
(191, 351), 112120112, 112011212, 101121212, 112121201
(31, 351), 1222NNN22, 12NNN2222, 1NN22222N, 122222NNN
(415, 319), 120212102, 121210220, 121022021, 102202121
(255, 319), 102212020, 121202002, 120200221, 120022120
(191, 319), 121101120, 110112021, 111202110, 120211011
(159, 319), 111001012, 100101211, 110121100, 112110010
(127, 319), 110022001, 102200110, 120011002, 101100220
(479, 287), 1NN02211N, 102211NNN, 1211NNN02, 11NNN0221
(383, 287), 101222010, 122201001, 120100122, 110012220
(159, 287), 121110210, 111021021, 102102111, 110211102
(63, 287), 102222100, 122210002, 121000222, 100022221
(479, 255), 1NN12110N, 112110NNN, 1110NNN12, 10NNN1211
(447, 255), 111200110, 120011011, 101101120, 110112001
(383, 255), 100120101, 112010100, 101010012, 101001201
(287, 255), 120021122, 102112220, 111222002, 122200211
(255, 255), 110201212, 120121210, 112121020, 112102012
(223, 255), 112020221, 102022112, 102211202, 121120202
(159, 255), 102102102, 110210202, 121020210, 102021021
(31, 255), 1012NNN02, 12NNN0201, 1NN02012N, 102012NNN
(447, 223), 101101010, 110101001, 110100110, 110011010
(415, 223), 111010001, 101000111, 100011101, 101110100
(351, 223), 101022120, 102212001, 121200102, 120010221
(255, 223), 121112010, 111201021, 120102111, 110211120
(127, 223), 101201220, 120122001, 112200120, 120012012
(95, 223), 112002122, 100212212, 121221200, 122120021
(447, 191), 100110102, 111010200, 101020011, 102001101
(319, 191), 121220011, 122001121, 100112122, 111212200
(255, 191), 102120020, 112002002, 100200212, 120021200
(191, 191), 102200210, 120021002, 102100220, 110022002
(63, 191), 121200112, 120011221, 101122120, 112212001
(415, 159), 101002210, 100221001, 122100100, 110010022
(351, 159), 120211002, 121100220, 110022021, 102202110
(319, 159), 112100000, 110000012, 100001210, 100121000
(191, 159), 100102221, 110222100, 122210010, 121001022
(127, 159), 120222122, 122212220, 121222022, 122202221
(63, 159), 122101121, 110112122, 111212210, 121221011
(31, 159), 1110NNN12, 10NNN1211, 1NN12110N, 112110NNN
(415, 127), 100122022, 112202200, 120220012, 122001220
(223, 127), 122012000, 101200022, 120002201, 100220120
(95, 127), 121212100, 121210021, 121002121, 100212121
(31, 127), 1211NNN01, 11NNN0121, 1NN01211N, 101211NNN
(479, 95), 1NN20221N, 120221NNN, 1221NNN20, 11NNN2022
(159, 95), 102220111, 122011102, 101110222, 111022201
(63, 95), 101210200, 121020001, 102000121, 100012102
(479, 63), 1NN12201N, 112201NNN, 1201NNN12, 11NNN1220
(383, 63), 122020120, 102012022, 101202202, 120220201
(287, 63), 122201022, 120102222, 110222220, 122222010
(255, 63), 112000102, 100010212, 101021200, 102120001
(191, 63), 100011121, 101112100, 111210001, 121000111
(159, 63), 110101012, 110101210, 110121010, 112101010
(127, 63), 111000201, 100020111, 102011100, 101110002
(479, 31), 1NN120NNN, 1120NNNNN, 10NNNNN12, 1NNNN120N
(351, 31), 121022NNN, 1022NNN21, 12NNN2102, 1NN21022N
(223, 31), 101012NNN, 1012NNN01, 12NNN0101, 1NN01012N
(159, 31), 121110NNN, 1110NNN21, 10NNN2111, 1NN21110N
(31, 31), 1202NNNNN, 12NNNNN20, 1NNNN202N, 1NN202NNN
(479, 479), 2NNNN200N, 2NN200NNN, 2200NNNNN, 20NNNNN20
(447, 479), 22NNN0100, 2NN01002N, 201002NNN, 2002NNN01
(351, 479), 21NNN1102, 2NN11021N, 211021NNN, 2021NNN11
(255, 479), 21NNN1110, 2NN11101N, 211101NNN, 2101NNN11
(127, 479), 21NNN2011, 2NN20111N, 220111NNN, 2111NNN20
(95, 479), 22NNN0101, 2NN01012N, 201012NNN, 2012NNN01
(31, 479), 20NNNNN21, 2NNNN210N, 2NN210NNN, 2210NNNNN
(383, 447), 210120110, 212011010, 201101012, 210101201
(191, 447), 211011120, 201112011, 211201101, 220110111
(31, 447), 2102NNN00, 22NNN0010, 2NN00102N, 200102NNN
(479, 415), 2NN00221N, 200221NNN, 2221NNN00, 21NNN0022
(447, 415), 220010121, 201012120, 201212001, 221200101
(319, 415), 210100221, 210022110, 202211010, 221101002
(191, 415), 201211212, 221121201, 212120121, 212012112
(447, 383), 212201201, 220120112, 212011220, 201122012
(319, 383), 211202202, 220220211, 222021120, 202112022
(287, 383), 222001220, 200122022, 212202200, 220220012
(223, 383), 210021112, 202111210, 211121002, 212100211
(159, 383), 212101001, 210100112, 210011210, 201121010
(63, 383), 201002122, 200212201, 221220100, 222010021
(31, 383), 2200NNN12, 20NNN1220, 2NN12200N, 212200NNN
(415, 351), 202111212, 211121202, 212120211, 212021112
(351, 351), 211120222, 212022211, 202221112, 222111202
(287, 351), 202212102, 221210202, 221020221, 202022121
(255, 351), 222121210, 212121022, 212102212, 210221212
(95, 351), 201022221, 202222101, 222210102, 221010222
(63, 351), 220221222, 222122220, 212222022, 222202212
(447, 319), 201021021, 202102101, 210210102, 221010210
(383, 319), 212122210, 212221012, 222101212, 210121222
(351, 319), 221202021, 220202121, 220212120, 221212020
(319, 319), 222020002, 202000222, 200022202, 202220200
(223, 319), 212111202, 211120212, 212021211, 202121112
(95, 319), 210222100, 222210010, 221001022, 200102221
(63, 319), 222212210, 221221022, 222102221, 210222122
(31, 319), 2221NNN21, 21NNN2122, 2NN21221N, 221221NNN
(447, 287), 210210011, 221001110, 200111021, 211102100
(351, 287), 212220201, 222020112, 202011222, 201122202
(255, 287), 200120111, 212011100, 201110012, 211001201
(191, 287), 202111101, 211110102, 211010211, 201021111
(31, 287), 2122NNN10, 22NNN1012, 2NN10122N, 210122NNN
(319, 255), 202001221, 200122102, 212210200, 221020012
(127, 255), 211000110, 200011011, 201101100, 210110001
(319, 223), 210212012, 221201210, 220121021, 212102120
(287, 223), 222111101, 211110122, 211012211, 201221111
(223, 223), 211102101, 210210111, 221011110, 201111021
(191, 223), 221010010, 201001021, 200102101, 210210100
(63, 223), 210010012, 201001210, 200121001, 212100100
(351, 191), 200121112, 212111200, 211120012, 212001211
(127, 191), 200112212, 211221200, 222120011, 212001122
(95, 191), 221121121, 212112121, 211212112, 221211211
(479, 159), 2NN01002N, 201002NNN, 2002NNN01, 22NNN0100
(383, 159), 210021021, 202102110, 210211002, 221100210
(255, 159), 200100120, 210012000, 201200010, 220001001
(159, 159), 211021222, 202122211, 212221102, 222110212
(95, 159), 212211212, 221121212, 212121221, 212122112
(479, 127), 2NN20021N, 220021NNN, 2021NNN20, 21NNN2002
(383, 127), 211210202, 221020211, 202021121, 202112102
(255, 127), 200201002, 220100200, 210020020, 202002010
(191, 127), 210122100, 212210010, 221001012, 200101221
(159, 127), 221212010, 221201021, 220102121, 210212120
(127, 127), 222121001, 212100122, 210012212, 201221210
(63, 127), 212111010, 211101012, 210101211, 210121110
(447, 95), 212012221, 201222112, 222211201, 221120122
(415, 95), 220120122, 212012220, 201222012, 222201201
(351, 95), 202002201, 200220102, 222010200, 201020022
(319, 95), 220002120, 200212020, 221202000, 220200021
(287, 95), 220020112, 202011220, 201122002, 212200201
(447, 63), 211222001, 222200111, 220011122, 201112220
(415, 63), 222201200, 220120022, 212002220, 200222012
(319, 63), 202221221, 222122102, 212210222, 221022212
(31, 63), 2010NNN12, 20NNN1201, 2NN12010N, 212010NNN
(383, 31), 202101NNN, 2101NNN02, 21NNN0210, 2NN02101N
(319, 31), 210212NNN, 2212NNN10, 22NNN1021, 2NN10212N
(287, 31), 222110NNN, 2110NNN22, 20NNN2211, 2NN22110N
(191, 31), 210111NNN, 2111NNN10, 21NNN1011, 2NN10111N
(95, 31), 201002NNN, 2002NNN01, 22NNN0100, 2NN01002N
(63, 31), 220021NNN, 2021NNN20, 21NNN2002, 2NN20021N


-------- ENCODAGE MIRE MODIFIEE --------
-------- ((x,y),(codage_voisin)) --------

(289, 450), 02NNN22N0
(332, 442), 0NNN2020N
(315, 440), 002N02022
(262, 432), 02N2N2222
(152, 432), 0NNNN1121
(223, 426), 00NN2N002
(307, 424), 020N2N222
(53, 419), 02NNN2010
(231, 412), 022020122
(210, 408), 000NN0212
(85, 406), 01N201210
(188, 405), 00NN22121
(345, 399), 0NN202N00
(116, 393), 01N101212
(373, 388), 0NNN0221N
(269, 385), 022222022
(62, 385), 012120120
(34, 380), 0002NNN22
(95, 371), 01N102220
(349, 365), 022221101
(258, 364), 020221200
(155, 362), 011210111
(129, 357), 002102011
(289, 351), 022000100
(360, 349), 012011121
(268, 346), 002012112
(409, 341), 0NNN1120N
(321, 338), 011N02211
(222, 335), 021212011
(353, 326), 01N221000
(422, 324), 0NNN1120N
(143, 317), 010120021
(386, 313), 01N100000
(114, 310), 002221N02
(206, 309), 010201022
(366, 306), 00N012021
(418, 300), 02N001N22
(301, 287), 0122012N1
(122, 287), 020010N11
(433, 280), 02N001021
(188, 279), 02012120N
(90, 279), 000121N2N
(252, 272), 0112211N2
(314, 264), 010012NN0
(372, 257), 02101012N
(198, 255), 01201212N
(350, 249), 000100022
(264, 248), 021N11212
(63, 244), 0221NNN01
(409, 243), 0201122N2
(327, 241), 0002221N2
(69, 215), 01N0NNN1N
(482, 212), 01N120NNN
(403, 209), 0122222NN
(316, 205), 021N10NN1
(463, 203), 001212NNN
(289, 195), 001N20NN1
(261, 183), 00N221NN0
(303, 165), 010N01NNN
(200, 159), 0122N0011
(346, 147), 022NNNNNN
(166, 145), 002121001
(91, 115), 0N21NNN20
(177, 110), 0N001N220
(140, 93), 0N010N122
(225, 88), 0NN10NNNN
(135, 413), 12NN21212
(110, 410), 11N220201
(58, 402), 10N022201
(141, 397), 12N110221
(218, 393), 120002122
(90, 389), 102010201
(172, 385), 120212011
(122, 376), 120010100
(204, 372), 121211121
(180, 367), 112120112
(330, 361), 10N222020
(236, 359), 102212020
(379, 353), 1NN000200
(188, 349), 121101120
(341, 344), 100220111
(163, 343), 111001N12
(42, 340), 1202NNN22
(136, 338), 1100N2N01
(391, 336), 10N001110
(372, 331), 11N210121
(278, 327), 120021121
(171, 323), 12111021N
(255, 322), 1102012N2
(333, 320), 101222N00
(404, 318), 10NN1001N
(231, 315), 112020220
(84, 303), 101222N00
(179, 302), 102102102
(266, 301), 121212010
(399, 293), 10N102201
(324, 294), 120220NN0
(359, 280), 121111022
(277, 279), 1021200N0
(414, 273), 102112N12
(337, 272), 111000010
(160, 271), 101201220
(57, 271), 1022NNN02
(467, 266), 1NNN0220N
(226, 264), 1022N0210
(129, 263), 1120N2122
(483, 244), 1NNN120NN
(237, 239), 1001N2221
(104, 226), 121200112
(501, 221), 1NNN20NNN
(276, 222), 12N012NN0
(425, 219), 1221102N0
(178, 219), 1202N2122
(112, 197), 1221N112N
(356, 188), 122101NNN
(76, 185), 1110NNN12
(420, 182), 122222NNN
(156, 178), 1212N210N
(331, 177), 110N00NN2
(231, 172), 102220N1N
(275, 153), 100NNNN2N
(83, 151), 1211NNN0N
(244, 139), 1NN101N12
(319, 134), 1N2NNNNNN
(130, 131), 1012NN200
(212, 125), 11N00NN01
(258, 105), 1NN11NNNN
(109, 33), 1N02NNNNN
(322, 454), 2NNNN202N
(306, 452), 22NNN0020
(254, 445), 20NNN2002
(195, 437), 2NNNN10N0
(280, 434), 200N20220
(341, 429), 2NNN0220N
(325, 427), 22020022N
(105, 425), 2NNNN2111
(80, 422), 22NNN0001
(158, 417), 22N0N1020
(251, 415), 200N00222
(26, 415), 20NNNNN21
(334, 413), 2N220N200
(165, 401), 20N211212
(260, 400), 2N2202202
(30, 398), 21N2NNN00
(327, 396), 202002212
(240, 397), 2220N1220
(289, 389), 220220222
(196, 389), 210021112
(355, 385), 20N22201N
(249, 381), 202212102
(148, 380), 212101001
(319, 377), 222022210
(227, 376), 222121210
(299, 373), 222202021
(367, 369), 2N0N20000
(279, 368), 222020002
(67, 366), 200002N22
(38, 361), 2210NNN12
(310, 356), 212N20211
(212, 354), 212111202
(101, 352), 20102212N
(72, 346), 221221N2N
(245, 341), 200120111
(300, 333), 202N01201
(108, 332), 2112N2000
(197, 329), 202111101
(78, 325), 220212N10
(47, 319), 2211NNN21
(312, 314), 210212022
(289, 308), 2220111N0
(436, 306), 2NNN1012N
(345, 300), 201121222
(241, 294), 211102101
(151, 295), 211000110
(52, 295), 2102NNN10
(451, 286), 2NNN0022N
(379, 286), 210021202
(216, 287), 221010010
(393, 265), 210110110
(448, 258), 21N21210N
(289, 256), 200N00NNN
(97, 253), 21N010N12
(429, 251), 222020022
(169, 246), 200112212
(465, 236), 21N2222N1
(137, 236), 22112112N
(387, 234), 20N0021NN
(302, 232), 202101NN2
(208, 229), 21102122N
(445, 228), 2210011N0
(365, 225), 2212021N0
(341, 215), 222220NNN
(249, 212), 2101N2100
(146, 208), 21221121N
(219, 201), 221212010
(380, 199), 2001N10N1
(442, 193), 2022N1NNN
(189, 190), 2221N1001
(397, 171), 2110NNNNN
(121, 165), 212111010
(372, 159), 2N0010NNN
(289, 119), 2NN11NNNN
(100, 76), 2N10NNN12
(189, 71), 2NN00NNNN
(150, 53), 2N002NNNN


-------- MATRICE DE TRANSFORMATION --------
[[ 6.19594124e-01  1.05619122e-01 -4.23409179e+01]
 [-2.97676045e-01  5.72059599e-01  4.19986264e+01]
 [-3.28391015e-04 -1.02223453e-03  1.00000000e+00]]
